Time: 0.284760 Result: 0.050033195833, n 10000000
Speedup: 3.611034
