Time: 0.093843 Result: 0.049978080758, n 10000000
Speedup: 10.957436
