Time: 0.086491 Result: 0.049972637048, n 10000000
Speedup: 11.888803
