Time: 0.064949 Result: 0.049973392689, n 10000000
Speedup: 15.832133
