Time: 0.516091 Result: 0.050000470315, n 100000000
Speedup: 20.589123
