Time: 0.754703 Result: 0.050003165850, n 100000000
Speedup: 14.079517
