Time: 2.848593 Result: 0.050001818060, n 100000000
Speedup: 3.730211
