Time: 0.404204 Result: 0.050002787061, n 100000000
Speedup: 26.288341
