size = 1024, time = 0.013526
size = 1048576, time = 0.011839
