size = 1024 Time = 0.035438
size = 1048576 Time = 0.011834
