Time = 0.092619; Result = -0.185804; Runge rule: EPS 1.000000e-06, n 20000000
Speedup = 14.135766
