Time = 0.104321; Result = -0.185804; Runge rule: EPS 1.000000e-06, n 20000000
Speedup = 12.550038
